Unnamed: 0,Média,Desvio Padrão,Limite inferior,Limite Superior
zeroR,0.6274122807017544,0.0069659562167844,0.6249195910880622,0.6299049703154466
oneR,0.5817460317460318,0.0618702707086506,0.5596064465416092,0.6038856169504544
naiveBayes,0.9337823725981624,0.0316785440067863,0.9224465595144766,0.945118185681848
random,0.4998224728487886,0.0541224092364332,0.4804553733188507,0.5191895723787266
stratifiedRandom,0.5254803675856308,0.0608321634890785,0.5037122574527699,0.5472484777184916
decisionTree,0.9308688387635756,0.0282721196339051,0.9207519765876848,0.9409857009394664
randomForest,0.9607873851294904,0.0288821613799531,0.9504522263297092,0.9711225439292716
knnDistance,0.9654761904761904,0.0183717564529596,0.9589020626651036,0.972050318287277
knn,0.9654135338345864,0.0233618546225563,0.9570537551391768,0.9737733125299964
kMeansCentroids,0.95547201336675,0.0255456454594563,0.9463307895160432,0.9646132372174568
kGA,0.9307957393483708,0.0422145180108777,0.9156897456673898,0.9459017330293518
