Unnamed: 0,Média,Desvio Padrão,Limite inferior,Limite Superior
zeroR,0.3333333333333334,1.1102230246251563e-16,0.3333333333333333,0.3333333333333335
oneR,0.9155555555555556,0.0642525879768931,0.8925634847301699,0.9385476263809412
naiveBayes,0.9533333333333334,0.0491407653055466,0.9357488594328408,0.970917807233826
random,0.3533333333333333,0.1181963213064195,0.3110381001552619,0.3956285665114047
stratifiedRandom,0.3333333333333333,0.1288122377439061,0.2872393130512335,0.3794273536154331
decisionTree,0.94,0.0497400650791097,0.9222010733704692,0.9577989266295306
randomForest,0.9533333333333334,0.052068331172711,0.9347012626918654,0.9719654039748014
knnDistance,0.9555555555555556,0.0525873758497743,0.9367377505747816,0.9743733605363296
knn,0.9600000000000002,0.0504791852960024,0.941936587457756,0.9780634125422444
kMeansCentroids,0.9511111111111112,0.0642525879768931,0.9281190402857254,0.9741031819364968
kGA,0.9111111111111112,0.0651683479938452,0.8877913457938493,0.9344308764283732
