zeroR,oneR,naiveBayes,random,stratifiedRandom,decisionTree,randomForest,knnDistance,knn,kMeansCentroids,kGA
0.6140350877192983,0.5087719298245614,0.912280701754386,0.5263157894736842,0.543859649122807,0.9473684210526316,0.9473684210526316,0.9649122807017544,0.9824561403508772,0.912280701754386,0.912280701754386
0.6140350877192983,0.5964912280701754,0.8947368421052632,0.4736842105263157,0.4210526315789473,0.9298245614035088,0.9473684210526316,0.9649122807017544,0.9649122807017544,0.912280701754386,0.8771929824561403
0.631578947368421,0.6140350877192983,0.9298245614035088,0.4912280701754385,0.5087719298245614,0.8596491228070176,0.9298245614035088,0.9473684210526316,0.9473684210526316,0.9824561403508772,0.8947368421052632
0.631578947368421,0.543859649122807,0.9473684210526316,0.5789473684210527,0.7192982456140351,0.9298245614035088,0.9473684210526316,0.9649122807017544,0.912280701754386,0.9824561403508772,0.9824561403508772
0.631578947368421,0.631578947368421,0.912280701754386,0.5614035087719298,0.4561403508771929,0.9298245614035088,0.9473684210526316,0.9824561403508772,0.9824561403508772,0.9473684210526316,0.9649122807017544
0.631578947368421,0.6140350877192983,1.0,0.4561403508771929,0.5614035087719298,0.9473684210526316,0.9824561403508772,0.9473684210526316,0.9824561403508772,0.9298245614035088,1.0
0.631578947368421,0.5964912280701754,0.9649122807017544,0.5087719298245614,0.4210526315789473,0.9473684210526316,1.0,0.9649122807017544,0.9649122807017544,0.9473684210526316,0.9649122807017544
0.631578947368421,0.543859649122807,0.8771929824561403,0.5087719298245614,0.5964912280701754,0.9649122807017544,0.9649122807017544,0.9824561403508772,0.9298245614035088,0.9824561403508772,0.8421052631578947
0.631578947368421,0.6491228070175439,0.9649122807017544,0.5263157894736842,0.4912280701754385,0.9649122807017544,0.9824561403508772,0.9649122807017544,1.0,0.9649122807017544,0.9298245614035088
0.625,0.6964285714285714,0.9285714285714286,0.6071428571428571,0.5714285714285714,0.9285714285714286,0.9642857142857144,1.0,0.9464285714285714,0.9642857142857144,0.9107142857142856
0.6140350877192983,0.5614035087719298,0.912280701754386,0.5263157894736842,0.5263157894736842,0.9298245614035088,0.8947368421052632,0.9824561403508772,0.9824561403508772,0.9649122807017544,0.9473684210526316
0.6140350877192983,0.5087719298245614,0.9649122807017544,0.4736842105263157,0.5087719298245614,0.912280701754386,0.9649122807017544,0.9649122807017544,0.9649122807017544,0.9473684210526316,0.9473684210526316
0.631578947368421,0.5087719298245614,0.9298245614035088,0.4912280701754385,0.5263157894736842,0.9649122807017544,0.9298245614035088,0.9298245614035088,0.9649122807017544,1.0,0.9473684210526316
0.631578947368421,0.6842105263157895,0.9298245614035088,0.4912280701754385,0.5263157894736842,0.8771929824561403,0.9824561403508772,0.9649122807017544,0.9649122807017544,0.9649122807017544,0.9649122807017544
0.631578947368421,0.5263157894736842,0.8771929824561403,0.4912280701754385,0.4912280701754385,0.912280701754386,0.9649122807017544,0.9824561403508772,0.9298245614035088,0.8947368421052632,0.9298245614035088
0.631578947368421,0.5789473684210527,0.912280701754386,0.4035087719298245,0.543859649122807,0.9649122807017544,1.0,0.9298245614035088,1.0,0.9824561403508772,0.912280701754386
0.631578947368421,0.631578947368421,0.9473684210526316,0.4385964912280701,0.5263157894736842,0.912280701754386,0.9473684210526316,0.9824561403508772,0.9473684210526316,0.9649122807017544,0.9824561403508772
0.631578947368421,0.7017543859649122,0.9824561403508772,0.543859649122807,0.4736842105263157,0.9473684210526316,1.0,0.9824561403508772,0.9824561403508772,0.9649122807017544,0.9298245614035088
0.631578947368421,0.5263157894736842,0.9824561403508772,0.5964912280701754,0.5614035087719298,0.8771929824561403,0.9298245614035088,0.9649122807017544,1.0,0.9649122807017544,0.8771929824561403
0.625,0.4821428571428571,0.8928571428571429,0.5535714285714286,0.5535714285714286,0.9285714285714286,1.0,0.9821428571428572,0.9464285714285714,0.9642857142857144,0.8928571428571429
0.6140350877192983,0.5614035087719298,0.912280701754386,0.4385964912280701,0.543859649122807,0.9473684210526316,0.9473684210526316,0.9298245614035088,0.9298245614035088,0.9473684210526316,0.912280701754386
0.6140350877192983,0.5263157894736842,0.9824561403508772,0.4561403508771929,0.5263157894736842,0.9649122807017544,0.9824561403508772,0.9473684210526316,0.9649122807017544,1.0,1.0
0.631578947368421,0.5789473684210527,0.9649122807017544,0.3859649122807017,0.5087719298245614,0.9473684210526316,0.9649122807017544,0.9824561403508772,0.9649122807017544,0.912280701754386,0.9298245614035088
0.631578947368421,0.6491228070175439,0.9473684210526316,0.5087719298245614,0.5263157894736842,0.9649122807017544,0.8771929824561403,0.9824561403508772,0.9824561403508772,0.9473684210526316,0.9649122807017544
0.631578947368421,0.4736842105263157,0.9298245614035088,0.5087719298245614,0.4385964912280701,0.8947368421052632,0.9824561403508772,0.9473684210526316,0.9649122807017544,0.9473684210526316,0.8771929824561403
0.631578947368421,0.5263157894736842,0.8947368421052632,0.4035087719298245,0.631578947368421,0.9473684210526316,0.9649122807017544,0.9824561403508772,0.9824561403508772,0.9649122807017544,0.9473684210526316
0.631578947368421,0.6491228070175439,0.9298245614035088,0.4561403508771929,0.5789473684210527,0.912280701754386,0.9824561403508772,0.9473684210526316,0.9824561403508772,0.9473684210526316,0.9649122807017544
0.631578947368421,0.6140350877192983,0.912280701754386,0.5087719298245614,0.543859649122807,0.9473684210526316,0.9649122807017544,0.9473684210526316,1.0,0.9824561403508772,0.8771929824561403
0.631578947368421,0.5614035087719298,0.9298245614035088,0.543859649122807,0.4912280701754385,0.8947368421052632,0.9473684210526316,0.9649122807017544,0.9298245614035088,0.9473684210526316,0.9824561403508772
0.625,0.6071428571428571,0.9464285714285714,0.5357142857142857,0.4464285714285714,0.9285714285714286,0.9821428571428572,0.9821428571428572,0.9642857142857144,0.9285714285714286,0.8571428571428571
