zeroR,oneR,naiveBayes,random,stratifiedRandom,decisionTree,randomForest,knnDistance,knn,kMeansCentroids,kGA
0.1,0.1333333333333333,0.7833333333333333,0.0666666666666666,0.0722222222222222,0.8777777777777778,0.9722222222222222,0.95,0.9722222222222222,0.9444444444444444,0.9055555555555556
0.1,0.1222222222222222,0.7944444444444444,0.1277777777777777,0.0777777777777777,0.7833333333333333,0.9611111111111112,0.9722222222222222,0.9888888888888888,0.9444444444444444,0.9222222222222224
0.1,0.1611111111111111,0.7555555555555555,0.1,0.1277777777777777,0.8833333333333333,0.9722222222222222,0.9777777777777776,0.9777777777777776,0.9722222222222222,0.8833333333333333
0.1,0.0888888888888888,0.7888888888888889,0.1277777777777777,0.1277777777777777,0.85,0.9833333333333332,0.9833333333333332,0.9611111111111112,0.95,0.9277777777777778
0.1,0.1222222222222222,0.7333333333333333,0.1111111111111111,0.0722222222222222,0.8444444444444444,0.9833333333333332,0.9611111111111112,0.9777777777777776,0.9277777777777778,0.9111111111111112
0.1,0.1388888888888889,0.8555555555555555,0.1222222222222222,0.0833333333333333,0.8666666666666667,0.9833333333333332,0.9888888888888888,0.9555555555555556,0.9555555555555556,0.9388888888888888
0.1,0.1611111111111111,0.7611111111111111,0.1,0.0833333333333333,0.8611111111111112,0.9666666666666668,0.9722222222222222,0.9888888888888888,0.95,0.9166666666666666
0.1005586592178771,0.106145251396648,0.7821229050279329,0.106145251396648,0.1117318435754189,0.8212290502793296,0.9553072625698324,0.9720670391061452,1.0,0.9720670391061452,0.8715083798882681
0.106145251396648,0.1117318435754189,0.7597765363128491,0.1005586592178771,0.0893854748603352,0.888268156424581,0.994413407821229,0.988826815642458,0.9720670391061452,0.9553072625698324,0.9217877094972068
0.106145251396648,0.106145251396648,0.7932960893854749,0.1396648044692737,0.0782122905027933,0.8715083798882681,0.9664804469273744,0.9776536312849162,0.9832402234636872,0.9329608938547486,0.9106145251396648
0.1,0.1333333333333333,0.8055555555555556,0.0833333333333333,0.1166666666666666,0.8888888888888888,0.9722222222222222,0.9777777777777776,0.9833333333333332,0.9333333333333332,0.8944444444444445
0.1,0.1,0.7611111111111111,0.0611111111111111,0.1166666666666666,0.8111111111111111,0.9833333333333332,0.9666666666666668,0.9888888888888888,0.9277777777777778,0.9055555555555556
0.1,0.1666666666666666,0.8222222222222222,0.0944444444444444,0.0722222222222222,0.8388888888888889,0.9888888888888888,0.9833333333333332,0.9777777777777776,0.9555555555555556,0.9333333333333332
0.1,0.1388888888888889,0.8333333333333334,0.0777777777777777,0.1166666666666666,0.8611111111111112,0.9833333333333332,0.9833333333333332,0.9722222222222222,0.9277777777777778,0.8388888888888889
0.1,0.1055555555555555,0.7055555555555556,0.1222222222222222,0.0944444444444444,0.8555555555555555,0.9777777777777776,0.9666666666666668,0.9611111111111112,0.9611111111111112,0.8833333333333333
0.1,0.1055555555555555,0.7611111111111111,0.0944444444444444,0.1166666666666666,0.8555555555555555,0.9777777777777776,0.9833333333333332,0.9833333333333332,0.9666666666666668,0.9555555555555556
0.1,0.1388888888888889,0.7944444444444444,0.1,0.1055555555555555,0.9,0.9722222222222222,0.9888888888888888,0.9833333333333332,0.9611111111111112,0.8833333333333333
0.1005586592178771,0.1117318435754189,0.7932960893854749,0.1173184357541899,0.0837988826815642,0.8491620111731844,0.9553072625698324,0.988826815642458,0.9720670391061452,0.9162011173184358,0.8938547486033519
0.106145251396648,0.1005586592178771,0.7597765363128491,0.1229050279329608,0.0670391061452514,0.888268156424581,0.988826815642458,0.9608938547486032,0.988826815642458,0.9608938547486032,0.9162011173184358
0.106145251396648,0.106145251396648,0.8212290502793296,0.106145251396648,0.1005586592178771,0.8324022346368715,0.9608938547486032,0.9776536312849162,0.9832402234636872,0.9608938547486032,0.9162011173184358
0.1,0.1333333333333333,0.7888888888888889,0.0555555555555555,0.0944444444444444,0.8666666666666667,0.9611111111111112,0.9722222222222222,0.9722222222222222,0.9833333333333332,0.9222222222222224
0.1,0.1166666666666666,0.7555555555555555,0.1277777777777777,0.1,0.8388888888888889,0.9666666666666668,0.9777777777777776,0.9777777777777776,0.9388888888888888,0.9166666666666666
0.1,0.15,0.7722222222222223,0.1277777777777777,0.1388888888888889,0.8166666666666667,0.9722222222222222,0.9666666666666668,0.9833333333333332,0.9333333333333332,0.8944444444444445
0.1,0.1333333333333333,0.7888888888888889,0.0777777777777777,0.1,0.8555555555555555,0.9722222222222222,0.9833333333333332,0.9833333333333332,0.9555555555555556,0.8888888888888888
0.1,0.1222222222222222,0.8166666666666667,0.0722222222222222,0.1166666666666666,0.8777777777777778,0.9833333333333332,0.9777777777777776,0.9777777777777776,0.9611111111111112,0.8833333333333333
0.1,0.1166666666666666,0.8055555555555556,0.0888888888888888,0.0888888888888888,0.8611111111111112,0.9777777777777776,0.95,0.9722222222222222,0.9666666666666668,0.8722222222222222
0.1,0.0888888888888888,0.8055555555555556,0.0944444444444444,0.1111111111111111,0.8222222222222222,0.9777777777777776,0.9944444444444444,0.9888888888888888,0.9444444444444444,0.9222222222222224
0.1005586592178771,0.1229050279329608,0.7541899441340782,0.1117318435754189,0.0726256983240223,0.8435754189944135,0.9608938547486032,0.9832402234636872,0.9553072625698324,0.9553072625698324,0.8603351955307262
0.106145251396648,0.1452513966480447,0.8156424581005587,0.0893854748603352,0.1173184357541899,0.8435754189944135,0.9776536312849162,0.9720670391061452,0.9776536312849162,0.9497206703910616,0.9273743016759776
0.106145251396648,0.1173184357541899,0.8100558659217877,0.1173184357541899,0.106145251396648,0.8938547486033519,0.9720670391061452,0.9832402234636872,0.9776536312849162,0.9385474860335196,0.9441340782122905
