zeroR,oneR,naiveBayes,random,stratifiedRandom,decisionTree,randomForest,knnDistance,knn,kMeansCentroids,kGA
0.3333333333333333,1.0,0.8666666666666667,0.2666666666666666,0.2,0.8666666666666667,1.0,0.9333333333333332,1.0,1.0,0.9333333333333332
0.3333333333333333,0.9333333333333332,0.9333333333333332,0.2,0.4666666666666667,0.9333333333333332,1.0,0.9333333333333332,0.8,0.8,0.8666666666666667
0.3333333333333333,1.0,1.0,0.2666666666666666,0.1333333333333333,1.0,0.9333333333333332,1.0,0.9333333333333332,1.0,0.8666666666666667
0.3333333333333333,0.8666666666666667,0.9333333333333332,0.3333333333333333,0.3333333333333333,1.0,1.0,1.0,0.9333333333333332,0.9333333333333332,0.8666666666666667
0.3333333333333333,0.9333333333333332,0.9333333333333332,0.1333333333333333,0.4666666666666667,0.9333333333333332,0.9333333333333332,1.0,1.0,0.8666666666666667,0.9333333333333332
0.3333333333333333,0.9333333333333332,0.9333333333333332,0.3333333333333333,0.3333333333333333,0.9333333333333332,0.8666666666666667,1.0,0.9333333333333332,0.8,0.8666666666666667
0.3333333333333333,1.0,1.0,0.6,0.4,0.8666666666666667,1.0,0.9333333333333332,0.8666666666666667,1.0,0.9333333333333332
0.3333333333333333,1.0,1.0,0.2666666666666666,0.4666666666666667,1.0,1.0,0.8666666666666667,1.0,0.9333333333333332,1.0
0.3333333333333333,0.8666666666666667,1.0,0.3333333333333333,0.4666666666666667,0.9333333333333332,0.9333333333333332,1.0,1.0,1.0,1.0
0.3333333333333333,0.8666666666666667,0.9333333333333332,0.3333333333333333,0.2666666666666666,1.0,1.0,0.9333333333333332,1.0,1.0,0.9333333333333332
0.3333333333333333,0.8666666666666667,0.9333333333333332,0.4,0.2666666666666666,1.0,1.0,0.8666666666666667,1.0,0.9333333333333332,1.0
0.3333333333333333,0.9333333333333332,0.8666666666666667,0.2,0.3333333333333333,1.0,1.0,0.9333333333333332,1.0,1.0,0.9333333333333332
0.3333333333333333,1.0,1.0,0.3333333333333333,0.2666666666666666,0.9333333333333332,1.0,0.9333333333333332,0.9333333333333332,1.0,0.7333333333333333
0.3333333333333333,0.8,1.0,0.4666666666666667,0.4,0.9333333333333332,0.9333333333333332,1.0,0.9333333333333332,0.9333333333333332,0.9333333333333332
0.3333333333333333,1.0,0.8666666666666667,0.4666666666666667,0.2,0.9333333333333332,1.0,0.9333333333333332,1.0,0.8666666666666667,0.9333333333333332
0.3333333333333333,0.8666666666666667,1.0,0.4,0.3333333333333333,0.9333333333333332,1.0,1.0,1.0,1.0,1.0
0.3333333333333333,0.8,1.0,0.3333333333333333,0.2,0.8666666666666667,0.9333333333333332,0.9333333333333332,0.9333333333333332,1.0,0.8666666666666667
0.3333333333333333,0.9333333333333332,1.0,0.2666666666666666,0.5333333333333333,0.8,0.8,1.0,1.0,0.9333333333333332,0.8666666666666667
0.3333333333333333,0.9333333333333332,0.8666666666666667,0.3333333333333333,0.2,0.9333333333333332,1.0,0.9333333333333332,0.9333333333333332,1.0,0.8666666666666667
0.3333333333333333,0.9333333333333332,1.0,0.2666666666666666,0.1333333333333333,0.9333333333333332,0.8666666666666667,1.0,0.9333333333333332,0.9333333333333332,0.9333333333333332
0.3333333333333333,0.9333333333333332,0.9333333333333332,0.5333333333333333,0.4666666666666667,1.0,0.8666666666666667,0.9333333333333332,1.0,1.0,0.9333333333333332
0.3333333333333333,0.9333333333333332,1.0,0.3333333333333333,0.2666666666666666,0.9333333333333332,0.9333333333333332,0.8666666666666667,1.0,0.8,0.8666666666666667
0.3333333333333333,0.8,1.0,0.5333333333333333,0.3333333333333333,0.9333333333333332,0.9333333333333332,1.0,1.0,1.0,1.0
0.3333333333333333,0.8666666666666667,0.9333333333333332,0.2,0.2666666666666666,0.9333333333333332,0.9333333333333332,1.0,0.9333333333333332,0.9333333333333332,1.0
0.3333333333333333,0.8666666666666667,0.9333333333333332,0.5333333333333333,0.0666666666666666,0.9333333333333332,1.0,0.8,0.9333333333333332,1.0,0.8
0.3333333333333333,0.9333333333333332,1.0,0.3333333333333333,0.4666666666666667,1.0,0.9333333333333332,1.0,1.0,0.9333333333333332,0.9333333333333332
0.3333333333333333,0.9333333333333332,1.0,0.4666666666666667,0.6,0.8666666666666667,1.0,0.9333333333333332,1.0,0.9333333333333332,0.9333333333333332
0.3333333333333333,0.9333333333333332,0.9333333333333332,0.4,0.4,0.9333333333333332,0.9333333333333332,1.0,0.8666666666666667,1.0,0.8666666666666667
0.3333333333333333,1.0,0.9333333333333332,0.5333333333333333,0.2666666666666666,0.9333333333333332,0.9333333333333332,1.0,1.0,1.0,0.8
0.3333333333333333,0.8,0.8666666666666667,0.2,0.4666666666666667,1.0,0.9333333333333332,1.0,0.9333333333333332,1.0,0.9333333333333332
