zeroR,oneR,naiveBayes,random,stratifiedRandom,decisionTree,randomForest,knnDistance,knn,kMeansCentroids,kGA
0.3888888888888889,0.6666666666666666,1.0,0.4444444444444444,0.3333333333333333,0.8888888888888888,1.0,0.8888888888888888,0.8333333333333334,0.9444444444444444,1.0
0.3888888888888889,0.5,0.9444444444444444,0.5555555555555556,0.2222222222222222,0.7777777777777778,0.9444444444444444,1.0,1.0,1.0,0.9444444444444444
0.3888888888888889,0.6111111111111112,0.9444444444444444,0.4444444444444444,0.2777777777777778,0.9444444444444444,1.0,0.9444444444444444,1.0,0.8888888888888888,1.0
0.3888888888888889,0.6111111111111112,1.0,0.2777777777777778,0.1666666666666666,0.8888888888888888,0.9444444444444444,1.0,1.0,1.0,0.9444444444444444
0.3888888888888889,0.6666666666666666,1.0,0.1111111111111111,0.2777777777777778,0.9444444444444444,1.0,0.9444444444444444,1.0,1.0,1.0
0.3888888888888889,0.6666666666666666,0.9444444444444444,0.3888888888888889,0.3888888888888889,1.0,1.0,0.9444444444444444,1.0,1.0,1.0
0.3888888888888889,0.6666666666666666,1.0,0.1666666666666666,0.3333333333333333,0.9444444444444444,1.0,0.9444444444444444,1.0,1.0,0.9444444444444444
0.3888888888888889,0.5555555555555556,0.9444444444444444,0.3888888888888889,0.5,0.8888888888888888,1.0,1.0,1.0,0.8888888888888888,0.9444444444444444
0.4117647058823529,0.5882352941176471,1.0,0.2941176470588235,0.7058823529411765,0.8823529411764706,1.0,1.0,0.8823529411764706,0.9411764705882352,0.9411764705882352
0.4705882352941176,0.6470588235294118,1.0,0.2941176470588235,0.3529411764705882,1.0,0.9411764705882352,0.9411764705882352,0.7647058823529411,1.0,0.9411764705882352
0.3888888888888889,0.7222222222222222,0.9444444444444444,0.5,0.3333333333333333,0.9444444444444444,0.8888888888888888,1.0,0.9444444444444444,0.9444444444444444,0.8888888888888888
0.3888888888888889,0.6666666666666666,1.0,0.5,0.2222222222222222,1.0,1.0,0.9444444444444444,0.9444444444444444,0.9444444444444444,1.0
0.3888888888888889,0.5555555555555556,1.0,0.1666666666666666,0.3333333333333333,1.0,1.0,1.0,1.0,1.0,0.9444444444444444
0.3888888888888889,0.7777777777777778,0.8888888888888888,0.2777777777777778,0.2222222222222222,0.7222222222222222,1.0,1.0,1.0,1.0,1.0
0.3888888888888889,0.5,0.9444444444444444,0.1666666666666666,0.2777777777777778,1.0,1.0,0.9444444444444444,0.9444444444444444,0.9444444444444444,1.0
0.3888888888888889,0.6666666666666666,1.0,0.3888888888888889,0.3333333333333333,0.8333333333333334,1.0,0.9444444444444444,0.9444444444444444,1.0,1.0
0.3888888888888889,0.6111111111111112,1.0,0.4444444444444444,0.3888888888888889,1.0,1.0,0.9444444444444444,0.9444444444444444,1.0,0.9444444444444444
0.3888888888888889,0.7777777777777778,1.0,0.3888888888888889,0.6111111111111112,0.7222222222222222,1.0,0.9444444444444444,1.0,0.9444444444444444,1.0
0.4117647058823529,0.5882352941176471,0.8823529411764706,0.4705882352941176,0.1764705882352941,1.0,1.0,0.9411764705882352,0.9411764705882352,1.0,0.9411764705882352
0.4705882352941176,0.5294117647058824,1.0,0.1764705882352941,0.2941176470588235,0.8823529411764706,1.0,0.9411764705882352,0.9411764705882352,1.0,1.0
0.3888888888888889,0.5555555555555556,1.0,0.3333333333333333,0.4444444444444444,0.8333333333333334,0.9444444444444444,1.0,1.0,0.9444444444444444,1.0
0.3888888888888889,0.7222222222222222,1.0,0.2777777777777778,0.3888888888888889,0.9444444444444444,0.9444444444444444,0.9444444444444444,1.0,1.0,1.0
0.3888888888888889,0.6666666666666666,0.8888888888888888,0.3333333333333333,0.3333333333333333,0.9444444444444444,1.0,0.8888888888888888,0.8888888888888888,1.0,0.8888888888888888
0.3888888888888889,0.4444444444444444,1.0,0.3333333333333333,0.3333333333333333,0.8888888888888888,1.0,0.8888888888888888,0.9444444444444444,0.9444444444444444,0.9444444444444444
0.3888888888888889,0.7222222222222222,0.9444444444444444,0.2777777777777778,0.2222222222222222,0.8888888888888888,1.0,0.9444444444444444,1.0,1.0,1.0
0.3888888888888889,0.5555555555555556,1.0,0.3333333333333333,0.2222222222222222,0.8333333333333334,1.0,0.9444444444444444,0.9444444444444444,0.9444444444444444,0.9444444444444444
0.3888888888888889,0.6111111111111112,1.0,0.1666666666666666,0.4444444444444444,0.8888888888888888,0.9444444444444444,1.0,0.9444444444444444,0.9444444444444444,1.0
0.3888888888888889,0.5555555555555556,1.0,0.3888888888888889,0.5,0.7777777777777778,1.0,1.0,0.9444444444444444,1.0,0.9444444444444444
0.4117647058823529,0.7058823529411765,1.0,0.0588235294117647,0.2941176470588235,0.9411764705882352,1.0,0.9411764705882352,0.9411764705882352,1.0,1.0
0.4705882352941176,0.6470588235294118,1.0,0.4705882352941176,0.4117647058823529,0.9411764705882352,1.0,1.0,1.0,0.9411764705882352,0.9411764705882352
